10000
720898
262146
688130
425989
360452
622603
753679
131088
360465
950290
21
524310
655384
655397
983082
917554
458805
884792
524347
32838
557126
294985
491594
983116
884815
262223
85
655446
131166
458847
65639
393323
229484
950384
491637
393342
426112
950404
524427
32909
262288
393362
786582
262298
950426
393372
163
721059
196774
327852
32941
688305
458929
590004
983223
196791
557242
98492
524478
295107
819405
950478
98512
688338
917714
655570
458966
590040
590042
65758
164066
393448
655593
622833
65782
327929
917754
327931
590075
131325
917767
164105
98570
950539
950545
786707
276
557335
426266
557338
983329
950562
295204
983334
65831
327976
459051
295212
557356
950571
65836
327990
393531
320
328002
786754
196930
98631
491851
786769
426321
196951
786782
754017
229731
131430
917864
983400
917873
131442
33144
229755
65918
786817
688522
295307
295310
754068
721301
524698
33181
852386
786853
983463
164268
557491
688564
295352
491963
819649
885186
459209
328139
295375
164304
459215
655829
33240
524763
688606
262624
492008
98796
493
623084
721391
950766
918001
393719
623095
504
33275
852480
819716
262662
557575
688650
885267
33310
557603
262697
426539
786989
131635
721460
295477
328245
918074
524860
98882
33347
361031
229963
885329
229970
361042
599
328282
819808
492131
492132
361064
590443
66162
492149
655989
131703
721527
656003
328325
688778
688781
131726
393873
754322
885395
656023
328348
656035
230054
787111
295592
393898
852656
852658
693
262842
164538
459456
721605
361157
164563
819924
164564
590551
557785
754398
459489
328417
525025
131812
918244
918246
328420
623339
361198
918255
295662
688882
66294
819963
721664
623361
197380
885508
525063
66316
688909
656142
164624
623378
66323
328467
721682
33560
819993
800
688929
983843
33578
525100
131889
820
821
459575
66359
459578
525119
295746
230215
328521
230225
688981
951134
525152
33635
870
656235
820078
787310
328571
623484
721789
721793
164737
557956
787336
99214
426902
492447
590761
754603
590772
885687
852921
459706
983998
820160
961
885697
754627
459719
590795
132060
623581
295902
426974
993
66531
66532
984042
197611
164852
197622
361467
951293
852992
197634
99334
164876
132109
197647
427024
164883
427032
590878
99361
1061
459814
689192
492591
754737
853042
164915
558131
885813
820275
558132
623671
558137
361524
132163
787529
558154
263243
918611
656468
525405
33888
558178
99436
951405
951408
132211
623740
66687
656512
427138
951429
722056
132235
296076
656534
296091
427164
853152
328865
33957
394410
591018
820396
263342
754869
328885
197821
328895
689345
361666
623813
361670
328904
820426
459980
951503
689359
492752
820434
361682
787663
623828
656601
722145
984290
427237
918757
230632
754923
689390
165105
99570
591091
918773
99578
132351
99586
722178
525584
1296
197905
754962
787735
525593
984350
951584
460069
886058
460074
329007
918834
722228
951606
689466
591164
329023
492867
558405
34117
722247
951621
1357
132434
99670
689494
329049
722272
99682
558436
427370
951660
394608
165233
427377
787828
296309
918903
361854
296326
984455
460168
329097
558476
66957
99726
165264
689557
99734
722335
394656
394661
591269
361893
951725
296370
132532
329141
394678
1461
984512
656834
198083
853447
624071
951753
820682
886219
853454
230864
165333
591321
722394
34267
558566
951789
132595
984564
427511
165371
820732
722436
361989
165382
984582
67087
755217
230931
689685
394776
427545
132634
591384
1568
755234
853540
919081
558637
951860
362042
689722
951867
296509
951873
853569
132682
656971
394830
132690
394835
886356
689749
362070
263762
34396
951907
1647
132720
558707
231029
853632
296580
34437
460427
34446
67219
853652
657048
329369
886427
820891
886429
624286
493217
591522
198308
591532
788142
689839
329394
689846
689847
165558
427710
558786
526026
657105
198360
198363
132835
853734
165611
755439
624370
689907
886518
1784
984826
1787
198396
526078
165632
231179
132876
689932
526094
853780
231191
427802
231195
263963
984860
395040
362272
231202
788262
984870
591659
198447
984884
657206
591673
329533
198463
624452
231236
165701
67400
853840
198483
296788
526166
886616
362328
788319
886624
821089
427872
362337
264039
952170
657259
427884
198513
558961
984947
624498
755575
821111
493434
853886
690048
427912
755593
919434
362378
264072
821136
1942
362397
591773
952224
722849
67498
853933
231345
788408
165826
853958
198599
657352
165834
559051
362444
624590
296913
559064
591836
985067
657391
624633
624639
886785
591874
264193
854026
2061
788497
591891
231447
788510
100386
591906
591912
821300
952373
395318
723001
329787
198717
165950
723007
919613
985153
952381
67647
919620
559176
624715
329805
788557
34898
493657
493662
821347
952420
297060
624746
231541
297079
395388
297085
67708
592001
231558
264331
985229
329873
198804
559255
2201
264346
198811
2209
100514
166051
2212
362661
985255
2216
133290
395435
657584
133298
362674
526517
100534
166080
2251
952525
624851
657624
854232
395482
755935
2272
887009
329954
461032
428266
985324
198893
657644
329967
166124
264432
690419
952565
428278
493813
166136
2304
264453
559366
657674
657676
330004
35096
100638
35109
723239
493864
461098
100651
428330
2349
723246
624944
330039
559423
461121
395593
657741
35149
264527
788815
723278
887129
690523
887136
559458
919906
461159
493928
166251
657774
395636
35192
231806
887171
788871
231818
428434
788884
133525
395678
526751
592286
231841
461218
166308
166309
756133
854436
133544
35242
68013
35245
68015
788912
166324
887221
526773
625077
199106
297413
100810
788942
362962
199123
887255
723434
494061
231921
199155
2548
461309
723454
2560
788992
35328
35336
625162
887309
231950
821777
68124
854556
887332
100901
297509
625190
625191
494122
363056
756277
2617
395834
100924
789053
952895
297545
363088
264788
428635
494174
952932
559719
625255
461417
232042
887404
68207
133745
920178
985713
2682
166523
952954
526971
395905
264844
2700
625292
68245
559772
2727
297652
166583
101048
264889
232121
133826
756418
789189
920262
658119
559821
920273
232146
166613
428758
363226
166622
133857
494309
690917
330475
887534
396014
690933
494326
2810
690945
232194
658181
2821
559880
494349
625423
559892
68374
35607
428826
461597
396063
2848
953125
101160
265005
789294
723762
35639
297785
920380
887612
166722
527171
265027
691011
756550
527170
789323
494413
199510
166746
297821
133983
658274
297831
297839
592752
658294
854904
35710
428931
363400
887689
887696
691091
428948
199575
920479
134047
2979
68516
887718
527271
723880
625577
953257
658348
199597
68527
920495
625586
134068
986036
625588
822197
265144
265148
232381
756668
35777
986050
822211
35783
232397
625621
658395
527323
691171
363502
134132
199669
166901
297978
330750
789503
35845
363526
134157
822288
789521
330770
68627
625684
658453
822295
723992
658455
789530
101407
625695
527397
232486
461867
363583
35904
199744
953410
592969
986187
461914
756831
887904
461922
68710
953450
363632
101489
396402
920692
789624
330872
789629
3198
265341
494724
724104
429199
429202
461972
560279
167065
3228
363680
658594
625830
560299
461997
298157
396463
691375
789678
3252
724149
429247
330945
396482
658633
462032
462033
855248
625875
462037
429270
265436
756962
527588
920814
560368
265458
199924
3318
3319
822522
101626
167165
691455
625930
527628
724239
265498
429339
625956
462117
724261
888100
3368
396585
658729
986417
560434
199987
625992
429385
855369
953675
101712
757073
560471
298329
36186
822619
953691
986461
265567
658786
68963
855394
920940
822638
134511
232820
68986
626045
724350
757118
593281
363906
560520
429452
429455
429456
658841
396697
986531
658856
789934
560560
724414
36287
495040
593350
265673
757200
822738
200148
757225
331242
724458
855531
232941
3569
790010
36349
232961
232964
790024
626185
134667
101906
724500
888347
691739
265762
658986
36395
527920
855601
626227
724534
265789
3648
69186
888391
200263
790089
298568
3658
822868
790101
233047
691806
790112
36452
757350
200300
659058
298613
527994
233087
659071
757378
495243
396940
69263
659092
593558
69270
102044
855710
167584
790176
495267
3749
593574
265896
954026
167597
495278
134830
102070
560823
724663
36540
560833
986819
986825
986826
888522
331466
724687
691921
659154
200413
200414
626399
626403
265962
691946
233199
265968
790258
429815
921335
790269
265982
3842
855811
462598
560903
462600
462601
69386
331532
626460
429855
134946
921380
724772
397098
134968
790328
36665
200509
757568
36672
560967
200519
364361
626504
757580
593741
560975
429913
954203
266078
855903
135010
102244
69482
921452
3955
888693
462719
331649
626564
855941
921488
200595
69527
266136
69529
790439
36779
331693
823213
954286
921523
462781
823239
626632
36809
135116
298958
659411
954324
397269
167896
593883
233439
364519
69612
331774
397315
626691
790533
921606
757771
561165
757777
725013
266262
266263
856090
266268
692253
659486
233505
4132
462886
561191
921639
725033
462893
856118
167991
167992
167993
200769
921672
823368
266314
299087
331855
757841
692307
200789
987221
659543
856154
921694
594020
626791
594023
987242
692334
4213
987256
692350
725121
725125
69766
4233
299150
987278
594067
823443
954523
200860
135328
561315
102565
659625
659632
266417
823475
69812
659638
364727
692408
463031
954554
594110
168127
692419
168132
397512
4297
594122
495821
299213
397532
495837
299230
4317
364770
561378
594148
463077
954604
889070
299253
397558
692474
364796
823553
200970
233753
266529
561445
856365
692529
954674
758067
4404
954675
921916
37182
823615
528707
397636
37196
332123
856417
430435
397669
790888
4465
266610
397684
266617
201083
528779
627084
233868
823702
463254
954776
856475
430496
528804
168357
332201
364978
430517
102838
987574
135611
397761
594371
397766
627144
365001
496074
627147
659917
365009
725461
168407
135640
299484
692702
627173
365031
102887
528874
725482
37355
725485
102898
791027
758261
102902
987648
397829
856585
430602
135695
791064
102940
659998
528928
299558
430642
627251
954942
168515
594505
954954
102987
725579
594511
922191
692818
758355
463450
463453
463465
430704
954996
37495
332409
103037
725630
266880
332418
758403
397957
4741
234122
168590
758416
856722
594579
365205
463514
4766
135840
299683
299685
201385
856746
922283
856747
37549
168624
398000
37555
463540
561845
758454
37561
398013
922301
627394
824003
103114
70351
561876
398037
692948
37592
37593
234203
496352
332518
856807
70374
594666
561902
398063
4849
496370
660211
463608
135938
103174
693005
267021
725777
529174
4887
693016
103198
103201
70433
201506
201508
955174
267059
103219
955189
430902
4921
267065
496447
168768
561985
791359
627535
332623
987988
791381
562005
463706
529244
496477
37725
37734
791399
594794
627566
824179
791414
332678
693128
37771
824204
463756
430989
37775
955282
463766
693144
791450
398235
725918
398242
693158
365482
398251
168878
299956
955317
463798
496571
627643
37820
922559
693184
136133
922567
37831
463817
168910
37842
758741
529376
824293
496615
693224
168937
5100
300012
201710
824306
70643
824308
857081
234490
955386
37881
5114
5120
431109
267277
463891
431125
955416
889884
627743
889892
103461
627758
496686
365614
234561
791627
332878
529487
824407
431192
857178
365669
332908
922739
627828
857204
726136
726137
136315
660607
332928
922756
791685
201863
136343
857241
332954
595101
332958
70817
955554
234661
955558
627877
136360
464045
464047
169135
234676
234679
234685
595133
38079
824521
38090
562380
562382
201935
496852
955607
103640
857307
201951
234723
234728
693480
791789
988402
103675
922875
529665
791810
824578
300292
496898
824583
759048
922890
726286
890128
398614
464152
398616
431392
365857
562466
464163
267556
726308
759076
562471
333091
202027
136494
628016
5427
431414
988473
398656
890177
726337
595269
693580
955730
169299
759127
333144
660826
365915
595292
660829
955743
234849
791908
562535
300392
922988
562542
988531
234869
726390
169342
38271
988547
824718
103823
5521
759201
202145
628136
988589
923054
726446
366002
955828
5556
398772
71096
529849
103866
857529
464316
890299
71102
38335
562622
529851
955850
857548
333263
857552
136657
71121
398806
955867
988639
497119
857572
136684
693743
267761
267762
988659
267767
267772
628224
595464
792081
464406
202263
202267
136732
103964
464425
988717
562733
300592
103989
464440
300600
38459
824891
923198
366145
595526
464454
923209
202313
169547
857677
529998
5712
759376
300624
824916
923224
693849
530009
628312
431705
333405
398936
202347
366188
530028
235119
366193
988787
38516
824950
792183
661114
595581
5757
628354
366211
693893
333446
104076
398990
431766
333463
792216
169626
562853
202405
267942
300711
792235
136875
169651
431807
202433
136899
104150
825051
104157
628449
693987
71398
431849
333550
661240
5883
38653
530174
694015
169734
497416
759562
300811
857869
71437
202520
333592
136991
202530
71458
661286
497450
235306
530226
104243
530232
694075
694078
923457
759617
956227
595782
38731
726860
759627
169803
694095
857940
202583
563035
989020
890716
399198
497499
530273
268131
857964
71533
956270
333678
497520
464749
563062
104313
792443
202620
399228
595838
726910
38782
366465
595844
661387
71566
71568
235411
137107
956311
726935
595868
104354
6051
694180
6050
202665
825259
628653
726958
923571
858042
333754
890818
497604
202697
169933
792527
497620
661461
399319
825304
333789
432098
825322
104428
989166
71663
661494
661500
464893
923646
235519
563199
890879
366595
989190
923658
858125
38926
956432
301074
628758
202778
497694
825376
759840
202786
956453
661544
727080
825386
727082
137256
825390
858158
268338
432181
6201
989246
301123
792645
137293
38990
956498
727125
366681
333914
727133
333922
530533
727141
301159
890983
39032
497790
170112
628865
628868
661641
39058
530578
6292
235673
432281
39072
6308
989350
104619
694444
202927
792753
891058
563378
923835
104642
39112
661704
563401
235726
530638
792785
792791
235742
727262
530659
202979
760037
170215
694504
71911
6387
596213
235769
6399
956673
497923
399619
694536
268556
432397
104719
137488
563471
891155
301334
629014
923927
432410
629024
727330
432418
563501
596270
170287
760112
235825
104754
104752
6453
825653
203076
104774
432454
629062
334154
301387
596302
694607
792911
792913
891215
563540
104792
629081
989530
137565
235872
203105
891237
727400
563563
530825
924047
334224
596369
891289
596386
629156
235943
39335
924073
465327
367024
989619
629174
432567
268728
563654
367046
432584
694729
924110
399825
72148
6613
6614
563669
891358
596452
563686
825832
203243
629228
694767
727536
334321
727540
629242
367102
203268
170516
825876
432662
662039
989719
301593
825882
203291
891422
236076
268846
596529
825905
465459
170547
465461
727611
629308
432702
793151
105023
301630
203333
891467
399948
465488
629330
137813
301659
105056
137824
957025
891491
367208
39531
989805
465521
72307
629365
203381
105079
137849
465533
760447
137855
105088
367234
105097
137865
957071
39571
694933
170646
268949
989850
989853
72350
662175
596639
989863
531119
596656
236208
72369
170677
826037
891575
989881
268996
793288
39627
727764
105172
39641
563932
858846
695007
891624
793323
269039
367344
858866
6901
727799
334585
400125
269054
924420
72463
596753
432920
760607
6945
334638
957232
236338
629555
990015
170816
629569
695110
170824
662348
531278
334680
891738
727899
531295
39778
498531
858982
727912
301929
695152
400241
400245
236407
629625
203652
596869
498567
957319
170889
433035
531346
498578
596883
465813
793494
498588
7071
400287
564131
334756
170916
138153
695211
990124
334784
957387
400334
498640
170963
728021
891864
236506
72668
203743
760810
924650
662518
629751
433144
138233
728057
367618
793605
760837
433159
662538
564246
859162
302110
891947
990254
990255
629808
203828
72759
957505
597059
72774
433225
7244
662605
531536
40019
466005
859222
728151
793687
891994
466011
826462
826470
400492
203885
760946
236659
236662
433272
924795
662652
302208
924801
334978
171143
269452
105613
138382
564367
826508
7317
662680
138394
531611
203932
203937
892070
760998
400552
433319
105642
761001
466106
367813
728262
466121
367825
40145
203995
433381
924901
335084
892144
990450
597243
564475
400638
335103
269573
72965
859399
924937
40214
204055
630041
662811
498975
138530
564514
335140
171302
597289
531759
40242
531768
564537
728379
236862
892223
695617
793924
302415
138579
269652
630104
892256
892264
531822
499059
761212
302466
925061
761225
400782
7571
859540
564630
7578
138650
695708
662941
105886
794015
335266
105891
40362
662955
7595
826795
138670
957873
269747
662967
204215
892350
564670
171463
237000
761289
794061
204238
368079
531923
630228
892373
597465
794079
990688
138721
826856
695794
466419
794099
892405
302579
368120
531961
138746
73210
794108
859642
302594
335364
957958
302600
794121
204298
695823
695827
925211
663068
7712
433696
204330
695850
728620
106030
237105
73269
597557
794169
958014
40514
892484
925253
892494
859732
335445
925271
532055
597593
73310
794208
73314
532084
335478
499319
925313
990860
499342
597653
335510
794263
728733
564894
7842
401059
564903
73385
958123
171693
630447
630448
827064
106169
302780
433856
630466
564932
728773
466633
499408
171729
859859
270038
401113
204506
564955
990937
40678
925420
859885
663278
925424
73457
958195
728820
302837
892662
827128
532219
73476
663310
368404
237333
302872
237339
761629
728867
40740
302885
73509
433963
7979
532272
139079
565063
991052
270156
958287
302933
630614
368477
466786
204646
991083
597868
860013
958318
630639
270193
663410
335732
991092
860023
728961
761729
401283
139139
958343
532361
827274
925581
958350
106384
302994
204696
434091
270253
663470
860086
73661
106430
8129
925634
761797
565199
892882
401364
73685
532438
958423
335836
761821
466914
270307
204777
630763
663542
335866
925701
335880
368651
696338
925715
401430
565277
761886
8225
598052
335909
368682
8240
335920
204850
630835
466999
663609
139322
827453
270398
532544
630849
860231
499786
401483
827468
237644
8270
368719
335952
958546
303187
368725
598119
893034
172139
598135
172156
73852
401539
41091
303246
499857
237718
434329
860313
958626
237735
663719
794794
565424
8371
532660
499895
270528
532675
41158
991431
401608
565449
106700
368846
893134
565454
8398
860373
762070
401624
73948
729309
827617
860391
794857
467179
106736
401654
794870
303353
958714
139522
8451
172295
925963
893196
860427
893198
336147
827671
205085
205086
565536
368931
598307
106789
663848
893230
631088
434481
8498
926000
467254
500027
270653
565565
8512
827715
467268
860485
893253
696648
336209
41299
827733
106844
434526
336230
926055
500072
8555
106863
303480
631166
139647
565637
8588
598416
41364
401818
860574
237985
41378
467365
663975
696743
795051
8626
762294
500159
336320
238017
74181
532935
598473
369099
336333
696782
762319
500175
926175
238052
303588
401894
303591
303592
74217
434666
762347
664048
106998
270840
205308
8707
795143
696840
893449
631309
696847
172560
631314
926230
41498
729631
598560
631336
107051
107052
336432
336433
860721
860726
664120
795197
959039
991812
860741
598610
696915
238169
336480
664162
598631
500336
991858
172665
369275
172673
41616
303767
336537
533146
533151
696992
8866
795300
533157
172711
860842
74412
467632
598706
991924
500405
860854
303802
8890
828092
74430
41667
139973
533193
697038
8910
107217
303835
991966
172767
107232
598754
926437
598758
205542
434922
795371
107246
434928
697075
172790
205558
238330
729861
664326
828168
762633
467723
926477
533265
303891
828183
959258
467743
959266
992037
8997
172839
926504
107307
434992
369456
369463
828218
41792
762688
172868
992071
467786
893777
205651
762722
271207
697193
762735
729968
336753
566130
729972
729973
369526
795519
402306
762756
435076
926600
959368
566154
533388
762767
467858
41877
631705
959386
861085
926621
402333
140199
992171
959408
205752
533434
140219
140220
730043
107454
598975
959424
140224
959426
795588
304069
992198
238537
664525
402383
467919
336847
402386
730066
631764
140247
631770
861148
402399
435181
336879
926704
861179
369661
173054
599039
762881
697347
304132
74757
140293
533511
74767
9233
631826
795677
9245
42013
500771
599076
336936
926764
861235
959548
468030
697407
468033
271445
762972
730207
402527
107619
173155
795750
107622
74859
664686
959599
337008
533619
599156
205943
631930
828543
271488
599171
697476
435335
894091
271508
402580
959642
959644
369830
828591
468144
435379
140472
206014
533697
42177
42184
992457
894157
107728
828625
238803
107734
304343
468184
500959
304354
599268
468200
828649
435433
533737
74985
42220
992494
107761
140531
500982
107769
599289
75005
566531
533765
730374
42245
402705
206101
435480
927002
75035
75038
435488
369953
75045
501032
140585
501037
238893
435526
664902
533842
533849
566622
796003
173413
894313
435563
304493
861551
599407
599413
501115
140682
730507
140684
533901
992662
370073
140698
9627
239007
402853
697767
959912
402857
828844
599471
632246
730553
665021
468414
697789
861636
533959
271816
75209
271817
697807
501203
271835
173533
75229
239074
599527
435690
533996
75245
828909
271855
9712
206321
370161
927216
665078
370167
206328
894458
337402
108030
796160
861703
435719
173579
861714
337428
566804
337430
665114
697886
9760
632353
730657
468519
304683
75308
599600
697904
140849
632374
501305
239171
173635
75332
435786
75338
468557
370256
861782
370263
337496
239195
829020
599645
534115
140902
468583
829034
304747
665197
337520
370288
337522
894579
894589
665217
960142
927381
698009
403101
501406
927390
534176
960164
992936
370349
206513
861877
337599
829120
927426
403138
9940
272087
632540
173790
9955
665322
730861
370415
829169
337650
75507
370423
468728
141047
534267
403196
141058
42761
534286
239375
173840
861968
534291
75541
501526
665371
42781
796445
894752
370466
730924
75566
10038
304951
501560
632636
173903
272208
239439
10068
829270
567127
337753
173917
337762
993125
599915
829292
599924
534390
337784
173944
796538
337787
370555
993158
370570
665486
960404
862102
370584
960408
305051
567196
10139
272303
239536
960436
272312
829369
927675
174013
272324
796614
468935
698313
272333
698318
829393
370645
501718
632790
370648
731093
10202
468957
927711
993253
42985
698353
141304
43005
141312
698369
993282
43015
993288
305164
731171
665637
600105
43050
829486
534575
829490
174135
927802
272445
305214
370754
370756
75844
993350
469063
370764
436301
796751
436305
600152
174172
534626
960613
403558
534634
10353
403570
895101
141437
731262
370816
272516
469127
436363
927884
469131
534673
469138
534680
403609
403612
174237
829599
501920
796834
567463
239784
665767
10411
895148
272557
108719
75952
633013
370870
141497
633017
993467
895165
338110
108735
403646
862401
141506
305349
403653
207045
895175
207049
698571
927947
698575
108752
960726
174296
141528
436441
338138
75997
665825
534755
796900
567532
43245
469239
469243
239868
600324
764169
698637
43284
403734
436511
239906
239907
665894
338224
862519
829756
10556
960832
600386
371019
895309
764237
305488
731477
665941
174423
502101
469333
141659
469351
338281
436586
141676
534894
731504
928116
108924
928124
502144
141696
338307
207237
698761
534922
240011
469388
895375
108945
108947
534938
43419
534941
993694
371102
928162
436649
371115
928176
567736
895417
240063
502218
666060
240076
698833
862683
240091
928221
829918
141794
666084
240100
928230
371175
862696
207341
731631
240113
305652
666112
76288
109061
567815
76296
141837
272918
993815
698904
436758
698912
666147
404004
961061
731690
764460
895534
174638
666161
600626
240178
240183
666167
633399
174650
469563
436794
76349
469567
174668
895564
109138
305748
436827
404062
502368
731745
862820
371301
830054
240230
338538
567914
240239
633456
895604
76404
404084
961143
600696
633463
698998
207479
338562
207494
207496
338572
141966
404113
797337
436897
862886
666279
633515
535214
830129
993970
76468
633525
600762
535227
207547
797373
404161
469700
436933
961223
600777
666314
895690
961235
371412
764633
928473
535259
731868
404189
371422
338656
76518
764650
436975
338675
535285
109302
895734
862966
371446
305918
11009
207625
895761
600850
469781
240409
11034
666398
666412
207660
764719
404271
207669
43835
731966
305989
469832
273224
240470
666460
895838
43872
306017
174944
11108
797541
174958
469871
502641
142199
732028
109438
830337
43912
895881
371594
273301
830363
43935
732068
666533
437158
699303
797606
338857
207783
863149
142257
306103
404408
11198
11199
240579
11204
601032
207823
601042
371668
43990
76765
207843
797668
11240
895976
666602
666601
44013
601070
207858
928757
240631
961532
437245
404479
666623
764927
11263
76799
175109
863239
338953
404493
437264
830481
863250
404499
666646
109595
666652
371743
142368
437280
568355
896036
11305
44083
797748
732214
273464
896062
830527
502846
44109
76880
633938
830549
207958
470102
437336
44118
732250
207965
535646
109662
797792
76896
502882
175201
666725
765030
404584
765034
568426
863347
601208
109702
11399
470158
11414
273558
109720
568470
109724
928924
470177
994467
273573
109736
273577
11443
732339
994488
535737
896186
830656
765128
568521
732362
339150
371919
830675
437460
273620
175319
568537
797918
601311
371937
732392
470254
470260
306425
44282
503041
797954
273666
175362
503046
11530
142603
568591
863507
339222
830744
11553
699683
44325
44327
470311
797997
994614
77116
699718
929096
175437
601427
699734
503128
372058
798051
896358
765290
470378
404845
666990
470383
568687
372083
634229
535926
306551
372089
142714
109947
77180
503170
929155
896388
634249
470409
306572
830866
77209
11674
732572
175520
11681
306595
667046
110000
830899
273844
470454
77242
241089
667077
437725
929251
241124
77289
732652
536050
634355
634354
470518
372227
634373
273926
830992
437776
175637
536087
994843
568860
44580
896550
110119
732716
208434
77364
601655
241209
634428
601670
765517
339534
536142
634448
44622
110162
831064
568921
208474
77402
634464
765536
11878
503403
536174
568945
44658
634483
372344
568955
372349
11905
667269
601740
405133
863892
962196
667291
437918
274078
77472
732831
372389
700070
503465
110258
831157
11963
470718
831167
11967
667329
405185
896715
962254
143062
700119
175832
634596
798446
44797
732935
306954
765712
896784
995091
274197
503575
503579
667420
896796
12060
405285
929575
700200
274219
143156
765750
765751
798519
307000
372538
896828
929597
12092
274242
241487
896847
12114
143187
765778
929621
634710
110418
470873
77657
438110
503648
143206
569199
929649
44913
569206
44920
700282
864123
44931
77703
307080
503688
798608
307088
995220
831381
733078
700315
274332
798628
602022
339880
634799
733108
765878
864184
569272
798652
77757
176061
176065
44997
44999
536532
765913
634846
45045
831477
110585
241657
634878
12288
307201
438281
962574
536592
536598
208919
765975
897051
634910
864288
77859
372777
241706
77867
667691
962605
831551
602177
700483
12364
143442
45140
471124
602199
700503
143449
438361
208992
733281
864362
209003
667760
864370
733302
110710
503928
569466
864381
503934
77951
274558
733321
733322
45193
536717
667792
438417
438419
831639
45210
995495
798888
12461
405678
12466
78007
569531
536763
241853
766142
471229
504000
995524
78022
962763
143565
471248
962770
864470
372953
307419
12511
307424
45281
733413
405734
176364
831727
831728
766196
831735
504065
602371
798982
864519
864518
45326
340239
241936
209171
831764
897307
831772
799005
864542
373026
635171
962858
602412
766255
897328
864563
700726
766262
864568
438586
78139
930113
405833
733514
897357
799055
962902
667994
471391
602465
536932
700777
471401
504174
274810
242043
45440
143746
799106
930183
471434
110993
766357
504217
569754
700833
700834
897443
733612
405934
78256
602551
569786
700861
111039
897475
274887
700876
963022
700879
930263
995804
307676
373215
78315
12780
569847
45560
668159
143873
930306
471558
242186
274955
700944
176660
930326
766487
373272
733724
537117
45612
373296
504369
209460
373301
12853
307767
832053
209468
471613
438852
340550
995911
537159
373320
143947
176717
832077
12883
111188
78421
406104
569945
504411
45660
176731
45666
897635
176749
701038
307823
45680
143987
963204
111238
995979
307851
78476
537230
668309
799383
864920
897690
635547
111260
275101
766622
471714
12962
537252
635559
832169
668337
45747
471731
570038
242360
176827
864956
242369
570050
275146
78545
701138
635605
766678
275159
766680
242389
439004
45793
45801
832236
996080
865011
963321
930554
307961
865024
78599
504584
471816
766733
537358
373519
373522
832279
45848
701228
668462
930608
340796
439107
897867
602959
865104
930642
111444
537434
176988
308065
635752
13162
602986
406380
897903
177010
963443
832372
832379
111486
111487
963455
373638
111498
865163
734093
668559
799633
897938
111510
406424
78747
897953
963490
930724
471975
799663
111535
177074
78771
832437
340922
144315
406459
865219
439235
13254
308167
144338
439258
373725
373726
504806
439276
472046
111607
832504
996345
472061
799744
439297
832515
734212
308232
930837
865304
406553
767002
603163
472095
865313
439330
472099
439333
832550
406569
144425
996395
963632
341042
668724
537662
570436
701511
111688
13394
406610
603223
701530
767066
144474
177249
373858
13422
373870
570479
701553
111727
144504
865403
799877
472197
603271
570502
767116
341135
668816
865425
210071
996512
504995
701605
242858
767147
439471
767151
668849
46258
308405
79032
570554
341178
144573
373950
865472
734402
996556
406734
996558
144595
767188
668885
373971
472282
537819
734428
472287
570595
931044
144611
46310
505063
865512
210153
865513
668909
308465
79100
537854
177406
636164
341257
374030
79121
570644
996634
341279
505122
374052
832805
963880
603443
734516
898356
374074
439615
603456
865618
603474
243028
570715
865630
832869
963946
767341
505197
13677
800113
800114
931185
767349
996729
832901
767368
963983
636305
669074
800149
472471
800162
406948
767400
701868
46509
669103
898485
439734
505278
767425
13762
505283
308677
243150
112078
439765
767446
341463
144857
669148
374236
407008
636390
734695
996841
505321
570860
865772
865774
144883
833014
407037
144897
439815
996872
767508
964117
833047
767516
505374
767518
112160
407075
243237
112166
472616
570921
341547
308780
931375
472629
603702
964151
898615
177726
538176
472645
833094
341575
570949
734791
570955
865869
144974
112207
407120
472659
210517
996950
13911
767576
734814
964192
833121
702052
341606
702057
243309
669293
177788
800384
800385
13959
833161
177806
145039
407189
46742
997016
865949
145055
308897
636578
636580
341676
865969
308916
669365
898747
177860
538310
308936
79561
767705
79578
145117
440029
112351
571105
145122
800486
931561
734955
243437
440051
341752
374522
308988
767740
898820
46856
964368
276245
931606
407317
276249
636704
735009
505636
46886
833319
79654
407342
571187
276279
964416
931649
341826
833347
341837
538458
112475
571227
997213
210786
964452
112488
440170
538477
636784
833393
931701
210809
898937
79740
112508
571264
833410
866178
964486
997256
898952
538505
767891
931734
276380
669599
112544
767910
604072
669608
14250
440236
702381
571310
604079
374703
931764
505782
309175
505784
178113
997314
243651
669636
571343
669651
931796
309207
79837
341983
833503
604129
636899
145381
374762
636908
145391
374769
997363
178165
833527
866296
210937
866301
505856
636928
669699
833540
538628
768006
833542
407562
407579
473118
964639
440355
964646
47143
669736
997420
309293
768047
210992
538674
702516
866357
964662
768055
571449
309307
997436
505918
473150
112706
178242
669765
145478
538703
112720
931922
505947
702564
145511
505962
669803
997486
768111
47217
178289
702579
571508
47224
309369
178297
145532
178308
571527
669847
47256
47258
637085
964778
47274
506027
964781
702640
211124
571573
178357
604347
276676
14535
571596
964814
997584
800979
112852
14549
669913
243930
768220
571615
800993
538853
47333
80102
735472
375027
112884
571640
702714
899323
47362
866563
899333
801032
243977
801034
80139
440591
440593
571666
112914
178452
669970
506131
14612
407832
342301
211231
309542
407846
47402
47405
276783
604473
801084
276796
637245
899391
735554
670021
735563
833870
342353
375127
801123
801126
866676
538996
997761
440709
244106
211344
637332
309654
670106
670107
801181
211363
965028
768421
768428
932268
14769
670132
80311
375223
178618
375229
244159
735682
276932
670150
571846
342473
506327
735704
113113
473563
768476
244191
702944
80351
309733
80358
211430
539113
965099
244205
932335
604657
801267
244215
342522
473600
899586
473609
801301
735769
309788
735773
440865
604706
768547
703020
440877
440879
473649
703026
932403
834099
14908
997948
342592
145987
375363
801349
178756
342600
14920
113226
932428
342609
899666
244311
899672
801371
440924
211551
801375
146017
375402
113260
572014
473719
375417
277114
604795
899709
637568
637572
146057
735885
735894
834199
309911
178842
735899
866973
113314
572069
899749
670385
309938
47793
801466
15040
277186
309957
670406
113352
965323
15053
408272
506579
965335
539351
932570
670427
309980
801502
473822
146144
47842
932584
146153
146156
604910
15089
834289
703220
244469
80634
47868
703228
375556
867083
244502
670491
801564
408356
146213
670505
375594
375596
932653
637742
15153
310069
998198
244534
736056
113465
637757
604992
473921
244544
801603
539467
441165
277329
310097
670550
572248
244580
768870
506728
473962
113526
375671
113528
736123
408445
998272
572294
179079
244629
768920
736154
932765
834462
605086
408480
768931
375715
211877
637860
637866
768939
736180
506805
277431
146359
408506
572348
146365
506814
637887
998338
342981
572364
211921
441298
932823
113628
801756
15325
834529
768993
900068
736229
375785
572393
637931
605166
867315
932852
179196
375808
113669
965640
932872
146454
211995
211996
375837
703521
605219
244772
212008
900144
375857
769076
703549
80960
867392
277570
179266
801864
670795
474208
441442
801890
932964
375909
408682
932970
146541
15474
179316
441461
48246
146552
932987
703613
539778
474243
441476
212106
375948
900254
769184
769187
769189
81062
375975
15535
507056
474292
179387
638140
277692
900286
474303
900289
605381
539846
48327
507080
146638
605391
48343
244952
769241
933083
146653
376035
933093
900328
900330
146675
277748
605429
834811
48381
277758
933120
507139
15620
965893
769290
212236
802062
670992
900371
212244
212247
179482
441628
638239
671008
736545
507170
343327
703784
81193
605482
834862
15664
15668
15669
48437
736569
376122
769347
703813
408904
212298
900426
834896
277844
212309
769368
998745
802141
48482
703843
671076
769382
638311
146799
703855
146804
703862
441718
867704
638329
474487
572796
572801
966022
507271
769416
114057
867721
441739
376203
572808
81295
572817
507286
376217
408985
441755
277916
933276
900511
671136
605602
408997
834986
81324
114092
834991
834993
343482
638401
736706
835021
179665
900564
966110
933344
146913
572899
802285
671217
966135
212478
278015
212483
48653
867871
278054
704039
48680
474664
441901
802350
245295
638513
179771
933439
245319
245328
474705
605779
310867
147030
310873
966234
867931
835169
343656
507499
769643
867951
245363
179828
147063
179835
900733
867971
179843
409221
802443
114316
933516
310924
867981
376465
278165
376473
245410
114339
638630
540329
736942
540339
573110
16055
769721
933563
835270
81612
343759
179921
835283
376532
343776
311012
540390
81641
278253
671475
999156
966397
311039
769791
114435
900883
737047
442135
638745
212765
868133
605990
638759
900912
343856
474930
769844
606010
671547
769852
114492
114494
573247
376635
16193
573253
573256
376648
671563
311116
999247
573265
114515
868188
704348
16222
638818
507750
966503
900969
737131
180076
474989
900974
900975
180081
376691
212852
49014
16255
376707
49028
81797
638853
278406
966538
343954
573334
868246
180124
409503
671652
704428
704431
442294
16312
212921
311234
769989
409545
671700
901077
376797
704483
770020
376804
114663
638956
704497
475124
638967
606207
770047
507903
311297
49155
770057
999438
507919
507918
835603
835605
344087
507928
966683
409632
507938
311330
278568
573481
966698
606252
606253
999470
180269
507957
376886
835639
442427
901182
442433
704586
442446
507985
704596
245846
606295
901208
835679
999521
409699
704614
639078
442475
442477
82030
180338
966771
573556
934005
508021
770169
770170
180347
606334
901251
49285
376969
114830
147599
934032
278674
966804
868500
82072
16537
278681
508060
409757
835743
606368
278689
475298
376995
704671
573602
606374
671914
508075
311472
475322
999611
49341
573630
180415
770248
311497
114891
573644
508108
573643
573647
737488
475345
999628
475341
82132
114901
16596
475354
82140
344284
901344
377060
475365
868584
245993
803053
213234
901365
16631
475386
475387
573691
966909
671995
508162
934152
901392
737561
213279
639267
508197
49449
835888
377136
704824
16714
737612
246098
147802
672091
934239
967010
82275
82282
999790
246127
573808
82293
213379
704900
573827
737670
16773
868747
147851
49548
606606
115099
147877
377255
311721
704945
213429
147896
147898
180669
836029
836036
967112
311753
836042
606666
737740
639437
606676
770529
770534
573930
770540
82414
410105
410106
770554
246272
639494
934419
508441
49692
442914
410150
410152
934440
410156
49710
705072
180795
770627
377411
344645
508488
770637
934482
82518
311896
967265
442980
934503
82536
377449
17003
279150
279157
49785
803459
574086
17031
705164
377485
180877
574097
344724
606873
672413
180893
770719
475806
737965
17069
574134
901814
770744
475831
344769
410338
934629
49895
115437
443119
180977
148210
934641
770808
180985
606968
475903
115459
508684
213779
377620
377637
770862
607023
738099
836404
115510
443190
17207
181049
344890
115521
17221
836423
443208
344905
344908
607055
738129
541526
836439
443226
443233
672610
967534
934767
803709
476029
50049
50052
312196
705412
541586
574362
902044
246687
672674
934825
607145
508843
770989
279485
541632
705473
279492
574404
803780
410571
967631
934863
771024
869331
17370
181212
246750
476126
377826
705507
902120
279528
476138
738282
934894
541679
246768
181231
82932
967671
836602
574459
312316
771067
902142
934912
607238
279559
17416
672778
476170
508947
279574
705558
705560
541736
902184
607275
705580
181294
869427
410675
541747
181303
279611
640060
312387
803909
771149
836686
771151
607314
377943
312411
574560
771176
902250
476267
541805
50286
967791
574577
967802
607354
279676
148609
181378
50315
869517
443542
410778
509088
214177
246948
640167
378025
607408
17584
17587
935091
705719
181432
509113
804025
738491
509119
410825
246987
312527
378064
83159
869592
902359
935132
804071
640233
83188
83194
967930
378106
247035
50432
509185
115977
83215
148754
541970
640276
312601
148762
83229
640292
443684
345384
574762
574764
738606
148785
574769
935223
705848
804153
476481
148810
148811
673098
804172
279887
116047
574807
214360
17755
312675
836965
902502
378225
345459
869748
345461
771448
640377
902528
378240
214401
673160
279944
574866
673172
673173
869801
673197
83375
771515
705982
935364
509383
83402
804302
607698
345555
869844
116187
837083
17885
443868
640484
280040
214512
214513
902644
83447
116221
443905
804357
280070
17944
771611
738845
247328
869925
575018
214573
214574
706099
17975
443963
181825
345668
116294
378438
443974
116301
738894
968274
673363
83548
869986
444005
280169
476778
214635
837227
181869
804463
870010
738940
83581
706177
837264
804505
378522
83618
312995
476840
902824
870058
902827
837294
935601
247474
673459
214709
902838
149175
214717
706238
575173
706246
280267
640716
345803
313040
378581
345814
378584
870105
313050
345818
280284
444124
968416
968419
313060
542435
378601
575211
771836
444162
182022
608006
378640
476947
575256
345881
935709
476960
771882
378667
116530
83763
214838
935739
837443
771908
968517
968519
509769
214858
902985
116556
509773
444243
640863
739172
608106
411499
345966
411506
739188
280436
247672
575355
706431
903041
411524
51077
280462
542611
378774
280474
739230
673694
968607
608162
411554
214950
706470
182188
575404
575406
18355
214969
870330
444353
411587
51147
772045
346061
280527
346064
608210
313300
83929
247769
346075
215003
575464
116715
804844
378861
870383
608242
509940
378869
51196
641020
116746
51210
313359
51220
903191
346140
968736
280610
247858
18482
411705
313401
510011
51263
247872
346175
182340
706632
444493
936014
804943
804947
280663
51287
870487
313436
182367
968806
837753
51322
346233
739470
18575
575637
444568
84123
51358
411810
379043
936101
706731
805036
575663
313520
411827
84152
673978
84159
411840
542914
936132
706765
739534
608464
968913
739540
870613
116951
870616
116953
248026
313561
411866
936154
641246
837855
313571
870628
149733
280807
641262
936181
444669
936195
215303
936200
444680
84233
575755
84252
510237
280861
313630
117027
477479
346408
837927
477485
870707
182588
280897
969032
149833
182605
641358
739665
837970
18776
51548
215388
641377
739682
117092
149863
18804
936309
575871
772479
870783
248194
772488
248201
379274
18836
412059
182688
870818
248228
379303
379304
641447
51628
969134
805294
805296
149936
641458
182711
510393
248256
772546
805315
215500
117197
739789
805329
543186
117204
575960
281050
707036
346588
805344
248297
215534
51696
969204
412150
248312
248316
870908
936446
150015
150029
870925
936464
739857
576023
379416
477720
313881
739867
707106
117286
215598
739891
51767
150079
674374
805446
674378
117324
543308
248397
346703
117328
903761
313939
870997
215638
84568
477787
281180
543326
674405
477798
117351
903785
608885
477819
707199
182911
84611
772743
576137
117387
346766
51856
674449
707219
969369
641691
707232
445088
740006
936615
969387
805552
641717
871100
281279
772801
707276
674513
84691
805590
477913
674523
117480
84719
477943
412409
903931
641789
674560
674562
805636
543492
445190
543495
117517
576272
543513
936731
576284
903968
543530
772924
478013
478014
379715
641861
641863
183114
215883
674635
576338
52053
346970
805728
805744
969586
150388
248693
52090
445307
576381
19331
478085
609158
838537
478089
805777
379794
904084
314260
478102
412567
805785
248729
183196
707494
314279
838594
347080
805836
904142
805839
740308
347094
117718
969689
805851
52193
216036
510952
773097
740329
609260
379890
969717
871414
969718
412664
478202
248826
510972
216062
314370
740355
707594
773134
445455
773139
838676
314393
543776
642080
642082
478242
576558
19507
937013
248887
609339
969788
576577
773190
740424
478282
904268
838736
511064
871525
838758
969834
314477
183406
412784
904306
642162
806010
609404
85122
347266
478342
314503
117899
969872
674960
19608
871588
642212
642215
281768
806059
412848
806067
347320
85181
904382
281791
412867
969924
216261
609476
249035
412879
281811
642262
19671
609496
871642
707803
838876
838877
117993
740586
52459
478447
675059
380149
511224
478458
478467
773381
445702
937228
904463
773393
85269
904470
511262
511264
740642
970021
707880
118064
609587
642358
544067
216387
642377
642378
478540
642383
478545
970066
838995
19794
19799
871770
183648
707939
773479
85352
183657
380264
576879
249204
249206
937338
150908
85373
216447
347521
281990
52616
314766
183694
413070
19854
445848
970140
806302
216479
413086
282016
544162
445859
19888
871857
314806
576953
216511
478658
249292
609743
478673
118225
216537
19940
216548
85480
52722
347642
773629
511485
839166
249344
249346
314884
216581
904710
544264
740872
282121
282136
478753
839206
839209
347692
871986
544308
478773
708149
904762
249407
773700
282181
937545
151117
413274
151130
970333
839263
85603
675439
183920
216691
446069
446075
52860
872061
151167
20098
577158
872078
806544
577168
315028
183957
806551
151192
446105
446112
642732
249522
380595
446137
52928
741058
609987
904909
773841
773843
413396
52950
511708
347870
642791
347888
511735
151288
478975
20232
85771
675598
347941
741158
773928
20265
675626
184107
905002
53044
380726
839480
479034
544576
970562
577349
905030
184140
872272
479066
347995
479068
446303
610146
216932
216934
85865
675691
184173
511856
905075
282487
970617
118649
184185
675706
118653
872319
479103
937861
774023
413575
216970
151435
446347
937874
216979
905110
544668
216989
380830
479135
970669
610222
380846
53167
741293
184244
905142
413625
872378
151485
937918
315327
53194
151498
315340
118736
937937
610259
53204
708565
20442
839648
937952
544745
479217
118772
479222
86009
249863
970762
53262
413711
86033
184337
675859
643095
675865
610330
86043
610331
53276
774177
282658
774183
20530
675891
282677
282678
348220
708670
380993
151623
446535
544839
708683
577617
806997
741465
315482
151655
282731
53357
348270
675950
544880
774261
643189
610421
282746
217211
577661
315518
675976
479374
151696
807056
250002
184485
839845
741549
938163
348340
282808
544953
413881
839871
86208
544962
348355
118978
413894
217286
446664
905418
970955
643276
643275
282830
643281
807124
741590
577759
643301
512232
938216
905449
577771
905448
151796
774388
381183
676097
676098
708868
250117
938245
676103
610571
184592
971024
184601
610587
282908
545060
938277
872747
676143
774447
512303
53558
774457
250173
414021
905545
86347
545102
610638
577878
774493
315748
774507
86392
807290
446845
971133
217474
217476
315784
774537
872842
184715
774543
905616
381328
184724
938399
610720
446880
53669
938406
348583
610728
348586
53675
807340
577970
676275
774583
938425
151995
709054
283072
479687
446922
381387
152014
578000
184786
348635
446939
807389
610786
938469
86507
676333
250350
446961
381427
807411
545275
905735
184844
217613
872981
21015
807448
414233
152090
545308
21025
774695
283184
873008
414259
283191
971319
414271
414273
905798
53842
217684
250456
250459
643678
545374
905828
545384
938603
938604
381551
807540
119422
742018
610947
53892
873093
840324
709256
21128
86677
152217
742044
53916
53919
447137
21153
184994
250529
643756
512686
381622
283319
250552
512712
905928
119500
316111
807634
938710
840407
414425
840409
250586
250588
348895
709345
283362
53994
774894
414447
447218
348920
185083
578303
840450
250627
545542
217868
512785
774933
381719
21273
742170
545563
217882
86816
676643
119588
217892
906023
709417
480042
185131
348969
545584
873269
86839
283452
54078
348992
348994
676684
774990
447313
840530
283479
906073
775002
414555
283491
185189
840550
840555
643947
283504
906097
709490
54131
381816
480121
643964
807808
414594
414595
512903
21389
316311
906136
119705
775067
447399
840621
709551
611249
21427
742324
742323
676790
578487
676792
512952
316347
218046
250821
873414
54214
21450
938955
349133
971727
283600
709589
414680
742361
807898
938975
644074
414700
742381
21486
742383
775157
513014
742393
709629
349181
513027
87047
119820
480276
283669
480277
54298
349210
971803
578588
545818
644124
840737
21537
840740
840743
283697
939058
578611
873526
840759
906295
447548
447557
611398
644181
939095
676952
513114
971878
21612
218223
840820
21630
939137
644227
251013
54408
185481
119945
939146
414863
644244
218262
709784
54425
414874
414875
775324
382108
840857
545953
480425
414896
218289
939186
709814
545977
808123
742601
545994
414922
349388
906450
54484
251093
218327
742617
218332
152800
218338
611557
742629
251110
578794
251114
873712
447730
87287
644348
808204
611597
709900
578832
709913
840992
480545
152868
283942
709935
513330
21810
644404
775477
447800
742720
21825
382272
513348
873799
939336
447833
513371
152931
185701
382312
742764
775533
546156
415091
21876
152951
611710
415103
710025
120203
841101
972186
185754
316827
644516
873899
644528
710064
775601
841158
939465
120265
480715
677325
710099
480727
775640
153047
644571
382428
972253
251358
677341
218593
87522
710118
21996
54766
218608
939507
644601
218621
87552
251393
939523
284171
54796
448012
120334
120331
972304
480785
906765
710164
906774
153114
546334
284191
513574
775728
546354
153140
677435
153150
611906
906820
677445
284233
251470
349782
546396
743005
710242
874082
710246
284266
841325
87661
153209
120443
644734
874111
710274
22150
874119
906889
874125
186000
743057
87698
317082
874144
906914
120495
710320
349871
382643
644794
153275
251582
939716
54984
218828
349902
841423
939729
677585
874199
710361
186075
743132
513756
775907
710375
251624
481002
775916
808687
448243
710392
677625
448249
120574
612095
153344
284419
448263
841480
874250
153354
87829
186134
153367
284441
972579
710435
808751
382777
350011
972604
481089
972610
907076
415557
579400
579405
251728
972627
972628
22356
317272
284505
677725
22368
939873
743266
153446
186214
874345
350064
120693
218999
186235
481147
481150
972676
87944
448394
481163
120716
251786
481166
677777
546706
874389
120726
284576
251816
841643
22449
317366
546742
350140
808893
317376
645058
710595
55237
972745
776138
645067
120781
612305
907218
579543
120794
448478
841695
972769
284643
55268
514025
514026
514038
284673
612355
219141
546822
514055
284684
120845
350224
677906
514073
481309
317469
120863
579625
317485
546862
448559
645174
579640
940096
219203
219205
350279
546890
677963
415824
841815
88153
252010
743532
448622
874608
252017
743539
317558
743551
940165
579719
612487
841863
579720
186508
88205
186512
350355
219290
940187
809116
88223
448672
612517
645289
579760
710835
809141
907447
940218
547005
22730
579787
776398
514258
448724
973021
940255
350434
940259
383207
252137
481516
907508
383228
907519
940292
678157
743694
252176
317720
842011
252190
55584
55593
514346
55595
514347
973098
252202
973109
22843
940348
350526
284990
678209
88391
547144
940368
252243
547156
22871
776539
809312
579941
907629
874862
350575
55666
776563
907642
907643
481658
547196
121214
285055
874886
481672
153993
776589
711057
973201
711061
416160
874913
55714
776612
907685
907686
907689
743854
645551
350641
121267
55734
22967
842176
842178
383427
940483
481733
350662
973256
285132
776656
88529
842197
23002
678365
186849
383461
154088
743914
317931
154099
383476
154102
449020
449021
907774
809472
121344
154114
776707
88579
809478
809480
547341
449044
252437
186906
186907
23070
285217
219682
285218
121378
973349
416297
645673
940586
678445
186929
711224
514619
744001
23107
383557
383558
318022
121416
547407
907856
809554
481874
55890
580182
744024
776797
645725
940642
23147
580205
580213
449142
285304
55937
285315
449155
580230
711304
842378
711309
678543
154255
252563
416404
744086
580247
121497
121504
55975
481959
154283
744108
842413
842415
219826
940724
154293
776884
613050
285374
23242
744153
285402
88796
318173
908000
776933
121577
23276
219884
416496
744176
908018
482035
252665
842495
711423
121601
842499
744196
121606
383750
449289
678665
613129
285455
187154
580374
744217
711451
187169
482084
645925
318247
285480
416553
252715
940844
383790
678702
154417
285494
711484
23358
711487
580426
940875
580428
219983
351061
23382
88919
121688
285541
482150
514920
56171
154477
678768
547697
908149
908152
154496
646017
23425
154501
252806
187275
416652
646031
56211
220061
88990
547742
351140
809892
711597
940978
23478
416696
187322
809915
646083
220107
744396
449489
285649
908243
23517
973790
515044
678886
482278
23528
547818
941037
416750
121845
383989
252919
252921
613376
973826
842760
580631
121888
154658
56358
384038
154668
23596
941103
318512
187439
121906
154674
89140
711743
613440
23620
547918
351323
318563
351331
23657
646250
384105
842861
56434
384115
679029
89209
23674
908414
23678
777345
842892
220302
711824
875670
547990
384158
744612
515236
548006
89260
351406
220334
580790
56504
285881
777402
908476
449730
548044
580816
384217
318683
580833
810209
482546
908530
777461
23808
220420
548105
187657
744725
613661
285981
515359
679205
646439
810287
286000
449844
187715
744771
974150
187718
23880
417103
646480
482641
712018
286033
515413
810339
843108
941432
384377
515451
712063
548224
810384
613777
613784
712090
810394
908701
89505
122275
679333
908715
810413
155056
843186
384440
548282
122300
548287
89537
581057
253379
875976
908749
777679
122323
679379
417238
187870
56799
876004
286180
679408
56817
155121
253429
351735
548344
417295
351762
679442
974356
941590
253462
24088
613915
712221
319005
253476
613929
745005
450093
745013
876085
89658
482882
581186
974416
122453
548438
679511
417368
24159
745058
122471
646760
646767
253554
188023
941690
646782
941697
581259
450191
384656
253584
417426
712344
581272
122526
581278
155297
908968
57003
122544
908977
482996
450239
941764
483015
974536
57036
483021
515791
614097
450260
384728
515802
351963
646877
515815
909031
384746
450291
220924
89855
155398
777991
286472
810758
646928
646936
515864
24346
352033
712483
188203
909102
286518
712503
253752
352058
89916
188223
24391
319306
450379
646993
778065
483160
974682
89948
810845
778077
614248
941930
647023
57202
188276
712568
745337
89978
745340
974716
384895
745348
483206
155530
352148
941977
614298
319388
253853
647069
253854
188330
122800
253905
974805
155610
679902
450526
319458
843747
876516
483302
909294
385017
876541
548865
745473
745476
909316
417799
57359
253970
942105
614428
352284
712734
24613
24614
745512
614447
450612
352310
679992
974904
122939
647231
680003
876614
90189
876627
155733
876634
974941
548957
516192
516201
548970
24686
417905
712821
909430
24695
24701
876669
123010
581768
123017
778376
974987
483469
90253
745619
581779
254106
417946
876700
516250
90270
712863
57508
483497
647340
90284
155828
319673
942266
123068
155836
581821
581827
581833
221392
418000
745683
745686
680161
745699
942307
450796
352494
188657
876794
319742
516351
352515
549133
811283
549144
745753
352538
287002
778524
975130
450850
778530
221479
680238
319805
254270
188735
155970
713029
221511
57674
385355
319819
713036
975185
909652
975192
581981
909662
254303
876896
876900
24934
745831
516456
745836
450927
909679
680310
647542
57721
745860
188807
57743
57746
582041
713115
24990
319911
57767
254388
25015
909752
483769
352701
614847
975304
647625
582090
778706
844243
713172
221653
877015
156120
90586
975327
156131
451043
57828
188906
188907
549359
582127
877040
188918
713210
25084
680451
287237
123400
549392
582162
25107
320019
811542
680470
680474
25114
549405
549406
516639
483871
123431
418345
156205
57902
287280
516661
90679
483897
451129
221755
942654
778824
746058
221771
418382
385616
746066
385619
483928
909922
811624
385643
123502
975471
189039
877172
221815
483972
647814
909960
877192
975498
680589
975503
811664
713361
516756
352917
156313
582310
877222
516776
221867
352949
549559
615100
713405
615102
320190
516798
877251
156359
418507
451276
352981
451285
877271
123609
746201
58075
778973
746208
320225
975586
910050
942820
680677
189166
385779
58101
516853
582391
484106
942869
975638
844575
25376
123692
910127
254772
25397
385848
975680
25411
320327
877384
123731
713557
90973
484189
25439
254816
844644
910183
156521
910186
975723
189303
91000
222075
451454
910211
320387
549769
844685
58254
615316
91031
222103
877466
713628
680862
418722
484260
877477
320428
648117
549814
353207
680890
582587
320461
484304
254937
418777
910305
779237
222182
254954
484330
353262
517103
812021
320502
943099
877566
353279
418814
549888
517124
451593
812041
254990
910354
91157
844827
877599
222246
189478
418865
156721
320562
713782
123960
910392
287814
123976
713801
156747
681035
484428
386127
287827
189525
386135
877657
156764
320606
648299
386157
681070
550000
58485
713848
484473
58490
582777
975997
910476
451725
25746
550034
91285
844951
517272
25753
517271
844956
287904
58528
320674
615588
877733
844966
812196
386222
25775
615604
189624
976057
222404
550085
582856
189644
517326
386255
156881
419028
320726
517336
451800
713950
779488
320743
386280
419049
222445
845039
419059
124150
451839
484610
550148
222483
648471
779543
386331
812316
812317
124188
845087
156959
25889
58657
320803
943392
550175
681256
714036
615732
550198
845111
288056
124221
845121
714057
451914
779594
157005
353614
681302
779609
648549
779633
353651
353662
615806
255358
812416
288131
812433
386449
746901
26009
714140
517532
124323
877989
681381
124329
779691
26031
976307
681395
353717
550329
779709
779710
845250
910788
615881
746954
157132
320973
878032
681426
550360
320987
386525
714218
91626
452079
386544
550384
26103
353790
779775
615938
58885
648711
58888
58891
747020
943628
222740
288276
419350
26135
779796
943646
386592
878115
58918
812587
615980
288306
157235
550450
550458
550459
714300
124487
419401
910922
648782
58959
58960
681553
124505
878169
779867
26203
353891
353895
321131
747117
943730
779893
59003
845435
255615
812672
288391
386695
452236
779920
648850
386708
26266
59037
452254
550558
550568
386732
747180
190124
845490
321204
190133
779964
648897
124612
648904
190153
616138
124619
681676
616141
321230
845518
26322
517844
26327
124632
452316
26341
91878
845546
190188
386797
517873
354033
419571
190196
976628
452348
255744
485120
976651
321292
780045
976652
550672
26388
91935
648994
321319
419628
452397
419630
419632
517944
550715
878397
812875
223053
550734
616272
59218
190290
583509
714582
878423
911191
943961
812888
485213
223077
714597
517996
780146
288631
157568
878467
583556
157575
190344
288655
190354
681876
124821
419734
190356
616346
92059
386972
747421
911271
288680
157615
976819
878525
714689
485316
780240
223191
518127
747512
649210
911355
26622
714757
518153
419859
59413
747549
682014
288803
288808
288813
780338
190514
813108
583733
649281
124993
714820
878661
649286
944200
256074
59467
452693
354395
223330
944237
419951
387185
288883
157815
26743
92284
649343
780419
190605
682142
747684
190631
977066
485547
649389
387250
682162
288952
321727
813249
813254
551116
485581
125133
321743
288978
59605
92374
682198
911579
551137
878819
26857
354538
846059
518381
452854
354559
813318
125191
59656
157963
256269
715022
682257
649496
846106
92445
616736
289064
518442
26924
813361
977209
649532
289088
616772
92485
125252
321865
59725
256333
92499
911700
878933
747862
682334
26975
354656
321893
551274
911724
780656
944500
682359
27001
715132
813437
780668
682377
715146
59789
321935
125328
616850
780691
59798
551322
518555
584103
354727
125358
92597
584120
813498
747971
256453
223686
584136
747978
911820
813517
551382
977369
59874
584162
748004
420324
780773
322026
125421
813552
223729
453105
92658
682485
387573
518647
256504
649723
59900
485886
846341
944646
322058
453132
911897
223770
813601
59940
518693
289318
682535
518692
977453
125487
879154
256564
322100
125494
223797
354874
420411
256573
125502
158272
748097
944710
748102
617031
59978
125517
191058
485973
715360
780896
191081
158313
846444
518777
92797
158336
191106
748163
682630
60040
27279
27283
387735
289434
846493
387742
158365
977568
223906
354979
780969
584366
551601
518840
125624
649914
256698
191162
453307
191161
453316
125640
92873
846540
781008
256723
158421
781014
846557
879330
92899
944869
289518
682737
158450
453362
813816
748284
158462
60167
453386
912141
781072
92946
944919
191264
27429
453414
27433
322346
355116
944940
781102
944942
682802
322354
60220
551744
256832
355140
355149
420687
944975
617299
879452
125790
846690
748386
781160
584555
224109
158573
650100
912246
355190
748410
715648
191372
945042
191380
813976
191384
584604
453546
879530
191407
977841
781234
715697
814006
715703
256954
519100
977856
224199
650188
125901
27598
584663
486360
224223
322528
93151
846823
748523
93165
879597
519150
682998
519167
420864
289796
158725
715787
584715
748557
453649
224273
617493
977950
289823
584737
93221
420902
191527
519214
224304
814136
486457
551994
781371
945210
814139
551998
355389
60478
552000
27715
584771
322630
977992
912459
322636
158798
846931
584787
617557
683095
748642
453734
158825
552042
257132
322669
93294
158831
486514
683127
322679
60538
519293
552073
388233
519305
650380
781451
453778
715926
289947
748702
486569
191661
912563
912566
617655
650424
93371
650427
683197
27839
126150
421063
126152
847049
552136
715994
290012
519390
978143
912606
945378
617699
486632
716014
453873
879865
290042
814331
519421
716030
584960
716033
650496
388355
191745
847109
290058
584971
191756
27924
126240
781604
650542
322866
912697
552251
879934
814403
978247
388423
585039
617808
322900
486742
912732
748898
519530
748908
486766
224623
257393
847223
552318
224638
683396
716168
814475
355726
650646
683420
486822
716203
814513
355764
93621
748984
28090
650684
585154
617924
290260
552406
454107
716260
93673
781803
519668
421368
28154
454140
978430
945666
585226
355878
585256
618025
486954
257586
978483
60980
224823
978489
847419
323133
60990
945736
814667
454221
618063
585296
945749
224853
224858
454248
323177
28269
290413
257645
61042
355954
28274
28277
814710
552567
552575
388741
224903
847504
61077
28313
519837
716448
650912
290466
650918
618152
618170
880314
356026
159421
61123
814789
257737
323277
93904
585431
650968
487130
61147
519904
61153
650983
978664
257775
650991
290548
880377
323328
454403
290570
618254
61202
225047
421657
454426
651038
159519
716575
618276
225061
356136
782120
290602
716586
454444
356154
94014
94018
651083
683855
487247
520019
814934
388951
356185
683883
552812
520045
290669
61295
552817
814963
651124
520051
683898
946044
618364
421757
552832
454531
388999
749458
421779
323477
847772
225182
913311
454561
290722
487331
356264
94125
389038
323506
847798
585656
815033
946109
683972
257999
61392
356304
421848
61413
880614
585704
946153
585711
454639
94193
847862
651267
651273
192525
356370
258068
880661
61463
127002
258075
192549
28714
782379
127018
323635
225339
847932
225342
389191
815179
716881
290899
553044
487511
94298
94299
192604
454758
356455
225384
323689
94317
520304
290933
389240
979072
192646
28812
323727
487569
323730
684183
127131
356507
848030
946338
684196
422056
782505
127146
454828
127149
618670
28847
913585
946355
356532
651448
94392
61626
454843
291011
127173
553175
979164
848094
127198
225511
684267
979180
946413
389360
28915
815348
717047
61687
979194
61691
487681
28931
323845
454923
192781
160015
749840
880915
454932
880919
94487
651543
323870
684319
291106
913699
192805
291113
586026
684334
553263
192818
356661
651575
979269
127303
61771
160076
520523
94544
946518
815448
127321
946537
749930
389485
881006
749934
782705
618870
160122
127356
356737
782722
553347
389506
782728
651657
553358
127375
848271
717202
586131
815509
487844
717225
389548
127412
618935
651704
356794
389571
782790
881094
487881
946637
61903
586194
586199
389593
291295
946657
94692
487909
815598
848367
881138
618996
455163
619005
258560
29186
553478
356871
94728
127498
258574
61974
324119
881176
258582
160283
946718
94750
553502
291362
487972
520740
586278
422441
487982
291375
291378
881203
619068
160316
553533
225853
422465
94787
750148
619078
422475
750160
193108
946774
651863
881248
651875
520808
520811
225902
946802
324212
881273
619135
258690
225928
979593
357003
651919
586384
160403
357011
848548
225977
651966
946882
29379
291524
357064
848587
62166
422614
422622
357086
226016
324328
455408
750323
946934
815865
979707
29435
291583
979717
357126
652038
520969
586505
553738
881420
62220
29459
914195
193308
389917
881438
193325
95023
652082
422719
291651
979780
553802
95057
815953
422742
160602
193370
95069
29534
258910
553824
455524
357220
652133
422764
619379
979827
29563
390011
455559
586632
258956
619412
619414
357277
717728
750497
947108
684972
422829
160686
422844
29633
816069
979913
783307
947149
816078
226262
717783
914392
979931
816094
291808
455649
160739
488420
455653
717798
750564
947176
619497
226281
848876
979949
848882
881654
619512
881658
848902
521223
652297
488457
979979
586780
554014
881708
259120
29744
816176
848949
259125
95290
29761
619588
816198
390217
291917
95309
128082
652373
619608
750682
226395
783450
160859
652383
848998
619623
685161
160875
750700
357485
193645
685168
717944
29819
128123
750717
62593
291976
160905
455818
783499
455820
685198
816273
980116
390294
488600
291994
881819
62622
619678
750754
586922
750764
816301
128179
718005
914616
718010
226490
324797
816322
29896
324813
586959
160975
455887
390354
685269
947418
226524
619742
292062
193770
128235
95467
95471
652535
62714
783615
849152
455938
324875
128272
357650
816403
29972
357657
914724
29992
685357
980274
783668
587060
259382
521529
259397
914761
849231
62803
423253
980311
259416
816472
652642
456036
62827
259436
914824
816531
292248
816539
685469
947614
226718
226720
685473
456101
718251
587181
325038
521647
423347
456118
357815
128441
30139
226747
783805
292290
619971
947653
423371
619980
456149
914904
390618
259547
488926
62942
751072
292321
95714
161253
620009
161259
652781
292338
816626
325111
816631
980474
226816
128514
259589
194054
292369
488977
816659
980501
95766
751130
620061
325160
751146
783917
259631
521777
685620
30266
783935
194111
915010
128586
357963
751178
357972
194135
325208
226916
587364
63078
63089
816754
128631
226937
554630
554634
325258
95888
587408
259734
947862
947864
358047
554658
620194
30385
751281
587441
554680
227004
980671
816833
30403
653000
128713
521930
816845
685775
292569
63193
718553
489177
849630
784104
128747
161516
161520
390899
259839
489225
128779
784140
718606
784143
161552
227088
423699
489245
816927
620322
816934
554793
390953
653103
554802
685878
358199
620349
194367
489281
30533
30542
522063
980818
358230
522070
653149
816998
882534
259943
849770
30571
30573
30574
456568
30588
30594
63363
227209
423819
718732
817036
620429
489357
522131
980884
63390
96163
980901
882599
194472
620466
849848
686010
227259
587708
63419
653252
915397
358341
653259
620492
882642
948190
260064
882666
620523
423927
653310
751615
718853
423943
63496
260110
522254
686100
981013
653346
456739
751653
325672
161833
194602
358441
227373
30766
391224
456770
849990
981089
587874
817251
358500
522340
456828
325767
882828
63634
915607
620707
96420
555182
325814
653507
522436
686278
129227
489675
751821
456910
882897
751825
424145
784600
194779
129244
784605
325857
555239
260334
260338
30963
358651
882941
555263
162057
456974
882963
620820
620826
96539
817438
522527
489760
96543
719134
293152
260391
489769
457007
260400
260402
588086
227642
588092
817483
588111
555344
293203
915810
948581
915817
227690
489834
817513
948590
63864
915837
850302
391553
981380
620936
293264
129424
981393
227733
522655
63916
883120
981426
981435
96700
358843
915902
162239
883137
850374
195021
227793
555476
850393
457178
784859
981468
457182
653797
522726
195053
752119
31225
817669
64006
31239
457228
490002
686611
948755
490006
64023
686616
326166
948768
326180
358949
293416
752169
326192
686649
719420
752189
555595
424525
621140
817751
621147
621148
490076
916060
555616
424564
129653
260726
916087
457338
916090
31365
686726
817798
457354
293514
555661
621200
719507
621217
424610
850593
129701
785062
228007
359085
916141
719541
817845
621239
129721
916159
129727
195266
621252
424656
31445
752344
948953
195291
817883
391906
326374
31467
817902
326385
391922
686838
424701
31486
326399
883457
654086
64263
260873
31499
64269
129815
293658
654112
326433
588587
654127
391987
686903
31545
64315
260925
916286
686914
752451
817992
621384
817995
752459
260942
64334
228175
490321
949078
785239
162654
752486
588646
293736
228199
523112
326507
195440
818032
588660
162682
719738
686973
981887
457600
228224
457605
31622
31623
359311
162711
654240
326562
162726
850854
654255
228274
228282
392122
719804
97227
588748
818128
687060
818132
916436
130009
490461
162801
392179
97268
31733
261112
162809
916474
982010
457722
359421
359420
457728
195590
883723
982029
228371
949273
818205
719905
523299
818212
359459
31785
425005
326702
785455
818226
31802
818235
949313
654405
556103
97352
982092
719949
916558
621647
785493
261208
687200
261217
916584
130153
425078
687227
97404
195714
720003
982150
359560
326793
195723
851084
818322
851091
97429
556187
818332
785568
556198
359595
621740
64685
64686
490673
523442
687284
687293
228542
97474
326851
457936
818384
621784
31967
64736
785633
97510
195822
752900
752903
982279
261392
883986
64788
97556
228631
359704
326937
490777
294179
818468
654635
359724
785709
752943
326960
32049
490802
884019
982326
195896
589115
425276
130366
228677
687432
556362
32077
97615
228688
982353
621913
654682
523609
97625
64862
523616
818530
130403
851300
621925
163172
851301
294243
359787
261485
884083
818548
654716
916860
982401
720263
490894
130458
687514
359836
916895
654758
589224
687530
818602
884146
589239
556472
294330
687550
359871
687553
359874
720325
130502
556488
785871
97744
654808
982493
32233
654826
753135
261621
753145
196091
458235
556549
556550
32264
425481
753166
130584
359965
196134
130602
589357
753203
818748
753212
917052
491076
982601
65100
818770
818772
949845
851540
523863
720484
327272
32363
196205
228974
196207
949872
786039
261755
851585
949893
982664
851593
327306
917131
917132
425613
294551
32409
196251
32413
229022
65189
949925
425641
360106
65207
851648
687811
229062
392903
753352
655049
425683
491224
196320
720618
98029
851695
98032
884471
229116
425725
294657
491269
786182
655121
32532
556821
786198
753433
163611
950045
982816
65321
786220
982830
196405
851768
884543
393023
950087
622408
851786
982864
32594
425810
261975
786270
98152
524139
687989
294775
687997
786303
589698
720771
294788
917384
884620
884621
294796
917393
425881
753562
982948
622501
32683
688046
589745
229303
360382
294846
360386
688070
917446
950219
65486
524239
688080
851928
983006
524257
557030
65511
393192
393193
327658
327660
360429
65523
786424
458745
458749
